9656967245
9656967245
9895350644
9947419630
8129551806
9526206798
9345057015
7907400711
9544318218
8547580915
9544433361
9744074040
9946511101
9207194975
8089895793
9746866330
9895967245
9072092519
9061877775
9567501750
9895941227
9496855036
9745651762
9895967245
8606927639
7012007117
9747325555
9526381842
9012007117
9961417587
8714857921
9961875461
9995627009
7594915158
9061707373
9745222746
9544108634
9847466735
9444788073
9526384796
9526967046
889110565
9746287504
9745660526
9495477670
9961646705
9746424921
995605969
995605969
9544347307
8891057103
9895788204
8891101127
9995029609
7034044648
9633578167
9995609178
9605874785
9645688331
9061945990
9847140334
8129763423
9633311047
7034142538
9544497588
9947750894
9633210941
9847879666
7736031685
9446861361
8281330061
9562691652
9895075533
8593902471
9656731650
9562552074
9745969586
9745112313
9995850651
9961647225
9539615795
7025719561
8157965810
7034043901
8129635114
7511199579
9207206620
9747757623
9526905437
9744431380
9995850267
9895967245
9995043946
8589024224
9995662605
8891127854
8086830201
9895290226
9467599583
9895967245